,index size,query size,time
0,1000,20,246.1160340ms
1,1000,50,249.9624450ms
2,1000,100,270.4025880ms
3,1000,1000,294.9250660ms
4,1000,5000,266.2385230ms
5,1000,10000,263.7543240ms
6,5000,20,1265.848262ms
7,5000,50,1398.667675ms
8,5000,100,1405.808836ms
9,5000,1000,1494.928547ms
10,5000,5000,1440.650735ms
11,5000,10000,1335.627830ms
12,10000,20,3407.256330ms
13,10000,50,2712.093261ms
14,10000,100,2634.816038ms
15,10000,1000,2580.998921ms
16,10000,5000,2611.736086ms
17,10000,10000,2550.941895ms
18,30000,20,9043.105680ms
19,30000,50,7771.322155ms
20,30000,100,7550.490613ms
21,30000,1000,7148.456020ms
22,30000,5000,7333.831141ms
23,30000,10000,7351.379921ms
